Insert Data in microseconds: 
3,0,0,0,0,0,0,1,0,0,0,0,0,0,0,1,0,0,0,0,0,0,0,1,2,0,0,0,0,0,0,0,0,0,0,0,0,0,0,0,0,0,0,0,0,0,1,1,0,0,1,
1,1,0,0,1,0,0,0,0,0,0,0,1,4,2,0,2,1,1,1,0,0,1,1,0,0,1,0,1,1,2,1,0,0,0,1,1,2,0,1,0,1,2,1,1,1,1,1,2,0,
1,0,0,1,2,1,1,1,0,1,4,1,6,1,1,1,2,1,1,0,1,1,2,1,2,2,0,0,0,1,2,3,1,1,1,1,2,1,0,1,1,1,1,1,0,0,1,0,1,1,
1,1,0,0,0,6,1,1,2,0,2,1,0,1,1,2,0,0,0,0,0,1,1,0,1,1,1,0,0,0,0,0,1,1,1,0,0,0,0,0,0,0,0,1,1,1,1,0,0,0,
0,1,1,1,0,0,0,0,0,0,0,1,0,0,0,0,0,0,0,0,1,1,0,2,0,1,1,0,0,0,0,1,0,0,0,1,1,1,0,1,1,1,1,1,2,0,1,0,1,0,
2,2,1,0,1,1,1,0,0,0,0,1,1,1,0,0,0,0,0,0,0,1,1,0,0,1,1,0,0,0,0,1,1,1,0,0,0,17,1,1,0,1,1,1,0,0,0,1,0,1,
0,0,0,0,0,0,0,0,0,1,1,1,1,1,0,0,0,1,1,1,0,2,2,1,2,1,0,1,1,1,1,0,0,0,0,1,1,1,1,1,1,1,1,0,1,1,1,1,1,1,
1,1,0,2,0,1,1,0,1,1,1,1,0,1,3,1,1,0,1,1,0,1,0,1,1,0,0,1,1,0,0,0,1,1,1,1,1,1,1,1,0,0,0,2,1,1,0,0,1,
Search Data in microseconds:
0,3,2,2,2,62,42,71,4,2,58,48,69,3,27,58,15,25,2,1,2,149,29,99,3,2,1,45,2,2,1,1,39,91,48,47,37,8,22,3,3,28,2,1,32,79,33,4,3,96,8,
4,54,6,87,6,7,22,2,2,2,42,48,34,16,29,5,50,30,78,24,7,3,33,56,4,28,3,40,42,18,26,3,5,24,42,51,6,6,40,4,56,25,43,7,25,28,62,22,27,3,
3,26,30,60,5,35,5,20,30,44,20,4,37,5,27,73,19,4,3,31,34,33,4,7,48,5,9,27,34,44,23,33,4,48,38,5,5,44,5,91,18,21,3,3,30,53,39,5,23,4,
15,2,2,3,64,12,9,24,4,4,28,2,28,53,3,28,2,2,2,37,22,41,15,11,5,6,27,2,2,2,37,39,19,9,33,3,3,20,2,2,2,38,26,19,8,30,2,3,28,2,
25,59,11,18,2,2,2,30,2,2,21,88,8,14,2,2,2,40,166,70,36,44,72,4,3,40,4,2,38,32,75,3,2,44,39,29,18,79,127,12,66,39,140,44,16,37,66,49,73,57,
115,75,3,243,40,47,7,3,3,33,30,25,3,3,44,2,2,2,7,45,31,21,2,2,3,43,3,3,5,20,74,5,38,5,2,16,30,10,22,2,21,3,45,3,3,21,65,5,3,30,
2,8,21,2,2,2,2,35,33,24,4,3,39,3,2,2,54,6,4,3,32,13,23,3,3,23,30,26,9,35,2,3,2,26,27,3,18,39,3,13,26,4,3,22,23,39,12,25,5,16,
3,3,19,4,25,46,3,3,36,3,3,22,3,26,42,6,17,30,2,2,22,3,26,37,9,8,35,3,3,21,3,3,60,3,10,32,4,4,26,3,3,24,33,9,30,5,5,35,4,
end of test
