Insert Data in microseconds: 
18,0,0,0,0,0,0,0,0,0,0,0,0,0,1,0,0,0,0,1,0,0,1,1,0,0,0,0,0,0,2,0,0,0,0,1,0,0,1,0,0,0,1,3,0,0,0,0,0,0,0,
0,4,1,1,0,1,1,1,1,1,1,1,1,1,1,1,1,1,1,1,2,1,1,1,1,16,1,2,1,1,1,2,1,1,1,1,1,3,1,1,1,1,1,2,2,2,1,1,2,1,
1,2,3,1,1,2,2,2,1,2,2,1,2,2,2,2,2,2,2,1,2,2,1,2,2,2,2,2,2,2,3,2,2,2,3,4,3,3,4,2,3,2,3,3,4,4,3,3,3,2,
2,2,3,3,3,3,3,3,2,3,2,4,3,3,3,3,3,3,4,3,3,4,4,4,3,2,3,4,4,3,5,4,4,3,3,4,4,5,3,5,3,4,3,3,4,9,6,5,5,4,
4,4,3,3,4,5,5,6,4,3,19,6,6,6,6,3,4,3,21,6,7,6,4,5,3,4,5,5,7,7,5,4,4,4,6,9,4,5,5,4,4,19,4,4,5,5,5,4,4,4,
5,8,6,5,4,4,5,5,5,8,6,8,4,4,5,5,5,8,5,6,5,4,4,7,5,5,8,6,7,5,5,10,6,9,7,6,5,5,6,6,6,8,7,6,5,5,5,8,7,9,
8,5,5,5,5,6,7,6,9,8,6,5,5,7,7,9,7,6,6,5,5,7,7,7,10,8,7,5,8,7,7,10,11,7,6,6,7,8,9,10,8,6,6,7,8,6,8,11,9,7,
6,6,11,9,14,7,7,7,7,6,9,8,9,10,11,9,7,9,10,9,10,10,9,7,7,9,8,10,13,11,8,7,8,12,11,12,12,7,8,7,8,10,10,13,10,11,8,9,11,
Search Data in microseconds:
0,9,3,18,4,33,44,4,32,2,2,2,43,33,10,5,20,3,1,3,52,7,25,35,20,5,2,57,4,11,2,2,41,53,10,3,5,26,3,2,32,36,23,6,28,19,2,2,2,36,39,
12,9,29,17,10,3,30,27,4,34,5,26,4,3,38,27,36,3,5,36,3,3,25,2,3,19,25,40,4,3,32,8,23,16,29,7,34,3,17,3,3,33,20,34,5,35,12,16,3,3,
40,28,47,3,53,20,5,27,8,7,36,3,43,29,7,37,15,23,12,31,6,44,10,15,9,11,4,19,46,50,5,4,30,4,28,33,5,25,4,13,4,22,28,16,3,8,23,4,20,5,
39,10,20,8,19,6,19,5,23,5,24,31,13,36,5,13,4,36,10,12,9,24,5,16,5,21,23,20,6,20,7,19,10,5,18,27,13,5,27,15,5,12,5,22,20,14,9,24,23,5,
11,4,21,30,15,17,16,13,6,9,11,26,21,6,9,9,25,5,29,15,11,17,7,4,14,18,39,25,10,8,10,6,28,14,15,23,9,6,12,4,20,9,23,10,29,5,10,5,11,38,
32,8,18,5,10,4,44,6,8,26,6,12,5,16,24,19,11,21,6,8,4,8,5,22,23,27,6,15,12,5,14,17,36,8,11,13,4,8,29,16,10,28,7,4,4,9,25,22,7,10,
15,5,9,5,9,23,20,9,27,6,5,12,22,24,17,16,7,5,9,5,7,20,21,20,15,6,6,5,9,26,15,8,17,7,6,5,36,17,15,15,8,5,11,6,7,24,23,13,7,5,
12,18,27,17,7,6,6,7,6,9,18,16,17,8,9,6,6,20,8,12,17,9,8,6,9,28,9,14,11,10,7,6,22,10,8,18,10,6,6,8,25,12,9,14,9,9,8,34,11,
end of test
