Insert Data in microseconds: 
18,4,1,1,70,5,43,2,1,2,1,1,31,3,2,4,33,14,19,3,49,1,1,30,24,4,4,2,43,53,2,1,1,1,111,9,3,7,23,5,3,2,30,1,1,62,6,3,27,3,35,
44,7,3,3,33,1,1,68,2,16,1,2,3,3,56,3,34,23,2,1,29,21,3,29,3,25,2,57,5,1,4,3,3,2,47,4,4,2,2,1,1,50,14,3,31,2,23,11,18,2,
1,44,3,18,23,8,4,21,1,1,37,17,3,3,29,2,31,34,14,2,1,1,3,24,1,1,52,3,19,1,1,28,30,3,19,24,1,1,28,38,6,4,30,1,1,27,1,1,59,22,
26,7,21,5,2,6,3,70,3,5,1,1,1,34,21,2,1,45,3,3,43,4,5,2,3,37,15,35,4,23,19,12,12,3,35,1,2,52,6,18,11,14,20,13,28,18,13,2,2,2,
28,2,2,29,10,28,32,16,3,23,5,49,10,17,4,18,2,42,4,18,2,2,2,53,25,18,2,22,29,28,2,3,55,21,11,2,2,2,40,35,3,21,2,2,35,7,6,2,2,2,
64,2,2,2,2,3,2,51,45,2,2,3,2,27,3,2,6,21,28,31,19,8,2,2,31,7,18,18,10,2,2,57,5,2,42,17,2,2,59,2,2,2,3,25,52,3,30,20,2,2,
27,3,22,11,2,2,37,2,2,2,2,2,2,34,4,2,43,2,21,24,16,6,17,2,23,2,21,9,39,2,3,2,36,27,2,21,2,23,2,40,21,29,2,2,2,39,2,2,37,9,
2,27,8,5,19,2,2,2,68,2,28,10,2,2,31,24,2,5,7,2,2,51,29,23,2,23,2,4,2,3,3,26,3,1,40,3,2,49,1,1,40,2,25,1,2,10,19,4,38,
Search Data in microseconds:
0,1,1,1,24,3,3,1,27,1,1,39,22,1,46,2,44,4,3,2,2,1,1,30,4,41,3,26,15,7,16,1,1,1,27,15,2,47,4,22,3,3,1,1,1,15,12,2,3,5,25,
4,17,2,3,1,1,1,8,8,2,2,48,3,21,4,2,6,1,1,1,31,2,2,5,4,3,2,13,2,24,3,28,2,30,5,15,2,40,1,1,37,16,3,2,3,2,41,5,1,1,
1,4,2,2,51,16,2,1,1,1,35,21,2,2,4,2,2,13,10,1,1,45,5,1,2,32,13,3,2,1,1,2,36,3,3,1,2,1,24,14,2,4,2,1,1,1,1,62,23,6,
34,3,5,18,4,25,5,20,3,24,1,1,30,12,2,1,1,3,2,23,41,4,25,3,3,48,3,5,5,2,35,17,3,2,2,1,1,35,4,3,124,36,26,35,5,10,2,17,2,31,
33,2,24,7,4,35,6,2,2,2,3,21,20,18,4,2,27,4,31,7,14,2,2,26,24,4,2,30,31,6,15,28,9,9,2,2,23,27,9,3,3,2,2,26,30,32,10,2,23,2,
7,2,32,2,24,2,2,5,5,2,32,2,23,23,2,29,4,2,46,10,3,16,2,23,23,16,3,2,17,2,2,18,2,2,4,2,3,23,4,2,50,2,2,3,10,2,3,2,2,22,
67,3,9,2,2,24,20,2,40,2,19,3,22,32,2,2,2,2,4,36,21,2,2,2,2,3,42,9,2,3,23,27,8,7,2,2,2,2,24,10,3,2,3,23,3,38,2,4,2,14,
2,49,19,5,2,3,22,3,4,2,5,13,2,23,8,2,30,6,20,3,21,11,7,2,3,1,72,2,59,3,2,66,3,2,6,3,33,2,1,1,5,2,1,1,54,2,2,3,2,
end of test
