Insert Data in microseconds: 
6,3,2,1,3,45,3,3,35,4,27,3,30,3,35,4,28,3,64,7,86,3,3,20,2,93,12,4,52,6,22,20,35,6,4,49,16,32,3,95,52,4,3,87,6,49,44,51,3,26,28,
7,23,7,6,33,37,69,26,6,30,3,35,35,5,3,5,32,17,3,3,3,50,11,16,3,65,33,5,4,121,10,52,5,19,6,40,15,6,39,10,24,5,40,8,23,9,50,23,4,26,
2,2,64,5,2,3,4,55,10,4,3,1,54,15,5,4,23,84,8,33,3,72,2,3,51,52,29,25,4,3,73,3,29,3,39,31,5,8,55,20,4,32,73,4,32,2,50,19,6,4,
24,13,3,38,8,44,17,3,1,1,1,34,17,4,4,62,4,27,14,54,5,7,58,3,25,2,3,2,61,3,4,43,2,47,88,20,14,29,25,6,34,28,9,3,17,2,84,18,2,84,
5,33,44,6,3,29,102,3,2,28,27,42,3,32,17,39,3,24,5,28,71,2,3,10,2,2,2,35,18,2,20,45,29,1,1,44,2,2,25,1,2,10,3,22,1,1,31,5,2,3,
35,2,24,40,3,3,1,1,2,2,1,44,18,4,29,2,1,31,18,3,25,26,2,2,26,30,21,2,2,2,2,39,4,4,2,20,2,2,54,7,20,3,37,2,1,36,24,2,2,33,
4,5,2,48,13,3,3,4,1,24,27,2,2,33,21,1,1,38,16,1,1,3,26,2,21,10,7,10,4,36,2,1,53,6,3,1,34,2,7,28,3,4,48,2,1,37,10,21,13,3,
23,80,16,1,2,76,2,1,1,1,28,19,8,17,3,1,1,1,36,14,1,3,44,2,22,25,6,18,1,1,35,1,2,8,4,18,2,3,31,20,4,21,18,2,19,33,7,20,48,
Search Data in microseconds:
0,3,1,44,33,25,4,56,45,2,2,2,2,37,49,4,4,49,28,24,4,17,6,4,1,21,4,27,51,7,10,4,41,27,4,40,5,4,4,10,21,4,4,21,2,8,20,40,3,44,33,
5,9,65,7,4,3,8,4,3,3,27,13,4,35,3,31,37,2,22,3,19,32,11,4,9,25,4,29,38,9,33,39,4,3,23,62,3,30,35,7,7,29,64,6,3,18,11,14,3,3,
2,1,36,2,45,3,31,25,5,18,2,21,9,5,29,15,2,19,4,3,4,18,2,3,3,33,6,4,14,31,6,6,4,21,14,4,41,16,31,3,8,29,6,4,3,2,50,5,21,6,
40,42,4,3,38,12,2,20,2,1,28,47,3,48,44,3,6,4,39,8,25,18,5,8,3,58,3,41,3,38,16,44,4,4,5,24,12,31,18,21,4,59,27,15,3,29,10,4,2,31,
20,4,64,20,3,3,10,24,3,34,20,4,2,32,11,3,132,7,5,2,4,3,23,9,2,20,2,74,3,2,1,3,3,1,2,2,2,2,1,1,97,4,4,1,1,1,35,23,2,14,
2,3,29,4,28,1,1,26,1,1,27,3,2,2,2,1,1,24,31,6,3,1,1,1,31,6,2,24,1,1,26,3,59,3,1,1,1,1,16,2,2,3,3,1,1,25,3,2,2,3,
23,2,2,19,15,3,37,1,1,3,26,3,3,6,1,1,1,28,2,2,30,3,8,3,26,30,14,3,3,1,2,1,12,2,23,1,3,2,27,38,3,4,1,1,26,26,9,22,3,2,
3,16,14,1,26,7,2,24,2,2,35,28,5,2,2,24,1,1,41,2,1,3,3,3,32,28,2,2,2,1,2,2,88,13,2,2,2,20,16,11,3,5,3,2,2,17,3,5,2,
end of test
