Insert Data in microseconds: 
19,2,1,1,1,1,1,1,50,19,21,14,10,3,26,1,1,39,1,2,62,3,3,3,28,2,1,42,16,17,3,32,30,10,2,29,3,24,1,2,31,4,20,3,1,1,1,39,4,20,3,
23,1,29,21,4,4,3,1,1,1,31,37,14,2,1,29,16,18,3,31,24,4,2,2,1,30,1,2,37,12,16,3,34,3,44,24,3,1,1,1,1,1,1,65,12,40,19,16,46,6,
6,21,1,1,36,1,1,33,12,18,3,3,3,29,9,2,2,38,18,1,1,38,11,22,4,23,3,22,27,4,2,5,21,1,1,37,12,2,38,5,1,1,1,63,17,19,3,28,3,22,
26,3,1,3,3,1,1,35,12,3,1,3,3,36,1,1,30,13,5,21,1,2,56,10,2,4,3,20,1,1,40,13,20,3,27,1,1,66,4,30,3,26,1,1,37,12,2,44,13,2,
1,32,3,2,3,2,1,1,37,13,22,3,26,1,1,3,19,1,39,3,19,1,1,33,4,31,4,18,1,1,36,44,34,2,28,1,2,53,2,2,36,4,3,3,23,25,2,1,6,21,
2,23,2,59,11,4,20,2,1,1,2,3,25,17,3,26,1,1,32,2,3,2,25,2,1,39,13,3,30,5,1,2,1,43,14,5,6,16,1,1,57,14,21,4,2,3,2,31,3,2,
4,4,1,1,1,32,4,28,5,3,1,27,14,16,4,30,3,2,1,1,31,13,3,3,3,1,26,18,2,1,4,22,3,1,2,2,47,7,5,18,1,1,53,10,19,4,3,24,1,2,
29,12,18,4,3,2,1,1,31,14,22,7,30,9,4,5,20,1,1,1,1,1,62,5,21,2,21,1,1,2,32,3,25,2,1,28,3,3,28,3,3,22,1,2,68,5,4,21,3,
Search Data in microseconds:
0,2,1,1,49,1,1,43,18,6,28,18,2,2,1,1,1,1,1,2,22,5,26,2,1,1,1,30,3,13,4,2,16,17,3,5,2,1,2,39,22,12,2,20,2,1,40,27,4,3,2,
2,24,9,3,24,3,20,1,1,43,14,14,1,2,1,78,3,3,2,30,12,2,29,1,1,1,1,1,26,9,3,3,5,17,3,6,17,1,1,31,1,1,1,13,118,33,17,4,5,21,
2,1,1,1,1,1,2,27,11,4,22,2,23,17,13,2,2,3,2,1,1,33,10,4,2,3,2,2,26,1,38,3,1,1,1,27,3,1,5,18,1,1,1,3,9,2,5,2,2,4,
28,1,36,4,22,1,2,29,2,2,38,3,2,1,2,32,15,19,3,1,1,1,12,15,2,33,2,1,1,1,27,13,3,3,2,1,1,22,3,3,3,1,2,1,28,3,2,6,2,1,
34,13,2,36,3,20,1,1,32,13,3,2,2,1,28,26,3,1,4,8,1,1,38,13,3,3,4,2,1,1,2,2,2,3,3,2,1,12,3,2,5,21,3,2,29,3,2,39,3,3,
2,1,2,2,23,4,4,20,1,2,32,29,16,2,2,2,2,1,36,4,31,5,2,1,1,32,4,3,2,21,2,1,29,9,2,26,3,2,2,1,5,10,5,18,3,23,2,23,2,35,
2,24,2,1,39,13,4,2,22,2,2,29,10,4,3,2,18,1,1,32,15,23,2,24,2,1,26,3,2,36,3,2,20,2,2,37,2,22,5,2,2,1,12,2,3,30,2,1,1,2,
29,11,5,22,3,21,2,1,30,163,29,2,43,5,19,3,2,2,27,2,1,1,27,4,3,3,2,1,34,31,15,3,2,2,2,41,2,2,4,26,2,1,2,1,7,22,5,2,2,
end of test
