Insert Data in microseconds: 
16,2,1,1,1,83,7,31,71,3,3,89,1,1,1,30,21,1,2,4,34,18,13,3,1,1,1,45,19,3,30,2,1,46,14,1,1,56,27,29,3,26,1,1,36,56,2,4,2,1,1,
2,43,19,3,2,1,1,2,50,3,35,2,21,3,55,18,2,23,2,1,68,8,3,3,31,1,31,23,20,2,32,2,1,1,29,30,3,21,1,1,58,21,4,2,3,2,1,1,1,40,
22,3,29,3,45,4,3,31,2,2,1,24,7,22,1,23,2,1,64,5,15,1,1,48,3,55,24,2,28,3,21,1,1,35,12,21,2,25,20,49,9,6,3,1,2,84,12,1,1,29,
2,1,67,9,3,2,1,1,1,44,4,17,3,32,2,29,30,2,28,3,8,2,29,2,2,1,2,32,2,68,4,2,9,13,2,24,28,15,2,39,3,2,59,2,2,2,2,26,2,66,
8,3,2,1,3,44,15,24,2,2,6,3,59,9,9,23,23,2,49,2,2,2,2,22,2,54,2,31,4,20,2,53,7,2,2,2,23,3,67,27,3,1,2,2,50,46,10,2,2,1,
1,24,18,2,50,2,2,3,47,4,9,1,1,1,33,60,2,21,1,1,30,1,1,34,16,1,1,2,6,35,4,2,2,1,1,1,1,63,4,1,1,4,2,68,19,4,2,2,1,1,
1,1,29,13,2,3,4,3,102,3,2,3,81,3,1,42,3,2,51,2,9,12,1,1,34,37,9,1,1,1,74,3,10,34,1,1,1,59,6,33,1,1,36,32,8,37,2,3,62,10,
3,1,1,1,71,39,2,1,1,1,33,5,10,24,1,1,31,1,21,2,2,24,1,1,33,40,5,1,1,1,72,3,4,31,1,2,32,65,20,2,1,28,2,2,71,19,2,2,3,
Search Data in microseconds:
0,2,1,1,60,36,3,14,33,32,44,14,1,1,40,10,2,5,36,2,27,15,6,19,1,1,38,22,3,3,3,1,33,13,2,1,1,3,33,3,5,1,1,1,24,5,2,30,1,1,30,
30,4,5,18,1,1,31,30,3,2,2,2,2,23,2,3,3,1,1,1,4,25,2,2,3,1,29,7,2,3,2,1,34,2,34,5,3,2,1,1,9,10,2,34,3,22,1,1,37,3,
3,4,2,20,31,3,2,3,2,23,2,52,5,2,1,1,1,1,9,3,1,1,1,3,2,22,4,2,3,2,2,1,2,25,8,2,4,4,26,26,16,3,21,2,1,9,2,1,1,1,
1,1,16,14,4,31,1,1,36,4,3,2,6,2,2,35,4,2,2,19,13,2,53,2,31,2,2,1,2,6,18,21,2,3,2,30,8,2,2,2,3,22,2,2,43,1,2,2,2,5,
35,2,22,1,2,8,4,2,2,37,2,22,7,13,3,1,2,28,4,2,35,3,2,3,20,4,2,2,8,2,2,23,2,36,2,1,3,1,5,5,3,31,2,1,7,2,19,3,21,2,
2,32,2,2,3,3,22,25,3,19,17,1,1,1,22,5,8,1,1,1,1,1,1,28,3,1,40,2,30,27,2,31,4,24,1,1,2,17,1,1,40,2,2,9,2,41,1,1,29,1,
1,32,18,20,3,30,2,30,3,2,2,2,15,1,1,7,2,33,9,30,4,1,1,1,34,3,26,1,1,1,37,3,3,1,1,1,32,4,3,3,1,1,2,54,4,3,2,2,33,3,
27,1,1,1,6,2,25,1,1,1,27,46,3,1,1,1,1,2,87,1,2,1,1,1,32,3,32,1,1,1,27,3,9,1,1,1,2,9,20,1,1,1,1,24,8,1,1,26,1,
end of test
