Insert Data in microseconds: 
3,9,1,49,4,58,12,2,1,1,92,10,4,33,36,5,3,2,38,1,1,85,14,3,50,6,27,3,2,2,39,24,2,4,2,3,34,25,3,34,2,31,50,8,3,31,1,1,40,24,2,
37,4,28,45,5,4,31,1,2,26,2,79,8,3,1,1,1,2,40,23,2,30,2,17,1,2,89,19,1,1,28,2,1,63,20,3,35,2,1,1,75,1,1,40,4,1,1,1,42,19,
4,23,2,25,20,2,2,43,1,1,1,2,81,26,3,19,1,1,30,20,1,2,38,2,1,2,72,5,29,14,1,1,38,3,2,1,2,60,2,48,4,26,3,1,1,1,30,20,1,1,
6,22,2,28,8,3,3,25,1,1,36,6,21,4,35,1,1,58,15,3,35,3,20,1,1,37,12,18,4,27,3,47,15,3,28,3,21,2,1,31,2,19,3,30,2,1,2,26,11,15,
4,30,7,1,2,35,12,26,3,25,3,22,23,3,1,46,2,22,24,7,27,3,2,2,2,2,59,2,2,39,3,3,2,57,2,11,2,2,2,41,2,27,2,23,2,3,54,2,2,3,
2,2,2,75,22,2,2,69,2,23,9,12,2,22,23,2,9,2,2,24,2,49,5,32,2,45,2,42,13,2,31,3,30,2,47,25,2,4,2,2,24,34,8,2,34,22,2,2,61,2,
2,2,2,2,2,23,24,5,6,2,2,2,30,2,31,3,25,2,1,36,2,2,1,4,16,1,1,33,18,9,3,4,3,2,36,2,1,47,1,1,33,3,43,2,27,15,8,1,1,26,
1,1,32,17,2,2,2,30,1,41,2,28,1,20,1,2,57,14,1,2,4,23,71,60,4,2,91,4,61,145,67,10,20,65,6,51,3,102,4,3,62,67,162,66,364,30,21,2,3,
Search Data in microseconds:
0,4,2,2,3,22,52,1,1,1,16,21,3,27,3,32,2,1,1,1,2,18,21,4,15,19,3,43,3,34,2,3,3,40,2,22,13,2,2,3,3,1,31,2,2,1,1,1,29,2,3,
4,2,2,32,2,2,3,1,1,1,1,2,20,3,22,1,1,36,3,3,3,5,3,1,1,2,8,1,1,1,1,1,1,9,3,3,2,15,1,2,3,1,2,4,20,1,1,37,10,3,
3,3,2,33,10,2,2,3,1,24,1,2,3,3,3,1,1,1,27,12,3,3,3,20,1,1,3,2,4,1,1,1,39,3,21,1,3,2,22,2,3,4,21,2,1,36,12,2,2,37,
3,1,2,48,18,2,3,2,1,1,38,3,3,3,3,1,1,18,11,2,2,2,1,1,1,29,9,3,3,3,2,11,10,3,4,4,1,1,34,16,2,3,3,3,26,1,2,25,10,2,
2,3,18,1,1,32,3,3,3,3,2,28,12,2,2,2,3,2,38,2,5,17,3,22,2,2,13,3,2,5,19,2,21,9,23,14,2,21,36,4,5,3,2,2,2,21,4,2,33,2,
31,2,31,2,3,2,24,3,2,8,9,3,2,30,24,2,23,2,2,2,2,3,3,2,4,2,4,13,2,2,3,2,5,17,2,2,2,36,2,2,1,32,2,2,2,2,2,22,5,2,
35,3,21,2,2,29,28,10,17,3,22,35,3,2,2,2,1,1,1,41,3,2,46,2,1,1,1,27,4,23,2,29,2,22,23,1,1,2,1,1,73,3,2,6,35,8,41,1,1,1,
1,28,9,10,30,3,2,1,33,2,2,6,1,1,1,1,12,2,2,39,4,165,12,10,2,2,11,3,16,32,2,36,28,5,4,2,2,31,2,2,56,16,78,21,57,8,1,1,2,
end of test
