Insert Data in microseconds: 
4,2,1,1,61,25,42,29,34,11,2,1,1,2,2,37,27,12,3,18,37,4,20,3,76,40,3,4,66,61,3,31,3,37,24,20,3,2,3,107,211,4,98,28,149,22,4,45,2,2,21,
21,3,26,37,6,24,3,44,73,93,11,5,4,53,32,76,64,72,263,38,2,2,2,2,36,23,1,1,36,33,2,1,27,18,1,1,53,3,1,1,1,46,20,2,7,3,2,1,1,75,
24,2,29,1,1,1,14,2,30,3,2,1,1,1,34,77,40,2,33,2,23,2,2,10,21,2,33,4,26,1,1,33,16,68,33,6,19,9,1,1,1,30,15,6,21,5,19,1,1,89,
2,17,1,1,36,2,50,1,1,2,3,28,1,1,31,19,2,6,16,1,1,1,38,5,5,8,16,1,1,32,23,4,4,1,1,31,33,3,23,3,21,1,1,31,16,4,2,1,1,1,
61,23,2,3,5,2,22,1,1,40,24,21,6,20,1,1,29,12,2,45,2,2,1,1,1,67,3,10,30,1,1,64,28,2,26,3,23,1,1,32,18,27,2,2,23,1,1,40,4,36,
5,19,1,1,1,52,6,7,24,1,2,1,59,7,8,16,1,1,1,17,7,5,2,1,1,1,60,8,6,3,2,1,1,30,3,3,33,13,4,26,16,4,28,6,2,1,1,39,19,7,
3,17,1,2,30,6,3,2,2,9,1,1,1,67,8,19,7,22,1,1,43,20,4,20,15,1,2,28,19,5,7,3,1,1,1,69,3,3,6,13,2,1,32,28,3,22,3,17,2,2,
32,11,5,23,3,18,2,2,61,17,18,3,19,2,2,53,22,2,25,5,2,2,25,32,11,3,24,5,2,2,25,11,6,25,6,3,2,3,5,13,6,20,6,5,22,21,24,28,34,
Search Data in microseconds:
0,3,1,1,29,7,4,46,4,28,1,1,40,1,1,56,23,10,4,51,19,4,2,3,5,6,31,4,3,5,137,2,3,32,27,3,21,3,3,140,31,4,29,5,44,16,3,4,3,111,15,
3,14,54,4,3,3,3,56,59,16,73,31,9,10,17,41,9,44,40,3,2,30,1,1,29,1,1,1,4,2,1,1,36,2,1,1,7,17,1,1,1,29,2,24,2,20,1,1,1,6,
2,2,2,1,1,71,4,2,5,2,29,1,1,30,17,20,4,1,6,3,4,2,62,2,2,3,4,2,2,1,1,28,14,12,22,14,2,19,1,1,32,17,21,3,4,2,4,1,2,10,
1,1,1,1,2,2,4,1,35,2,5,1,1,1,30,2,36,4,1,1,1,32,34,5,20,1,1,1,1,32,4,30,1,1,1,33,3,6,7,3,1,1,1,44,19,2,27,1,1,1,
3,3,2,34,2,2,1,1,1,32,4,2,3,2,1,1,38,1,4,4,2,23,1,1,1,17,3,3,1,1,1,4,8,3,2,2,1,1,1,30,4,7,2,2,1,1,1,41,4,4,
1,1,1,1,35,5,18,4,1,1,1,34,5,17,2,1,1,1,64,4,31,2,23,1,1,1,18,3,27,2,22,1,1,49,2,3,4,1,2,42,3,2,3,16,1,1,1,39,4,20,
7,1,1,1,36,18,8,28,2,20,1,1,1,20,3,2,2,1,1,1,33,8,5,7,1,2,1,32,5,25,2,23,1,1,1,18,7,28,2,2,1,27,12,3,2,4,3,2,1,26,
12,18,3,3,3,1,2,2,12,4,4,2,2,1,1,10,3,5,3,17,1,2,2,16,15,4,5,17,1,2,30,22,2,7,11,2,20,2,51,18,4,3,14,2,22,9,7,3,4,
end of test
