Insert Data in microseconds: 
54,0,0,1,1,1,2,2,3,3,4,3,4,4,5,5,5,6,6,6,6,
7,7,7,7,8,8,8,9,8,9,9,9,9,9,9,10,10,10,11,11,
11,11,11,11,12,12,12,12,13,16,14,14,14,15,16,18,18,28,21,20,
17,17,19,18,21,22,20,18,19,19,20,20,19,23,24,24,24,22,21,21,
21,22,22,22,23,23,24,29,25,24,24,25,25,26,26,26,26,26,26,27,
27,27,28,28,28,29,29,29,31,30,30,30,31,31,32,31,31,32,32,33,
32,36,33,34,34,36,34,35,35,35,36,35,36,36,36,37,37,38,37,38,
38,39,39,39,39,40,40,42,40,41,41,41,42,42,42,42,43,43,43,44,
44,44,44,44,52,45,46,46,46,46,46,47,54,47,47,48,48,48,51,49,
50,50,50,50,52,50,51,52,52,52,52,53,52,53,53,54,54,54,54,54,
55,67,66,67,56,57,56,57,57,57,57,58,58,59,59,59,60,59,60,60,
61,60,61,62,62,62,64,62,62,64,63,64,64,64,64,64,65,69,66,77,
66,67,66,66,67,67,68,69,68,69,69,69,69,69,70,70,70,70,71,71,
73,71,72,72,73,73,75,74,74,75,74,75,75,76,75,77,76,76,78,77,
77,77,78,80,83,79,79,79,80,79,80,80,81,100,83,91,82,81,82,84,
83,87,86,91,93,89,89,89,109,117,105,99,94,91,90,96,103,96,100,92,
93,98,95,97,93,96,95,97,98,102,97,96,95,105,104,99,100,98,101,94,
97,95,95,95,96,96,96,96,96,97,97,99,97,98,98,98,98,98,99,100,
100,109,104,105,116,105,105,108,106,115,114,140,139,178,160,146,153,157,161,122,
118,111,112,110,110,110,108,112,108,113,113,116,116,117,119,112,112,115,114,
Search Data in microseconds:
0,0,0,0,0,0,1,1,1,1,1,1,2,2,2,2,2,3,3,2,3,
3,3,4,3,4,4,4,3,4,3,5,4,4,4,4,4,5,5,5,5,
5,5,6,5,6,6,6,6,5,8,7,7,5,7,7,9,9,10,12,8,
8,10,8,10,11,9,9,9,9,9,8,9,12,12,13,12,12,10,10,10,
9,10,11,11,11,11,15,11,10,13,12,14,12,13,12,13,15,12,13,12,
13,14,15,13,13,14,13,14,14,15,14,14,14,14,16,17,16,15,13,15,
15,16,13,19,17,15,17,15,16,17,17,17,16,16,16,19,17,19,18,18,
17,19,17,18,19,18,20,19,18,20,21,18,18,19,20,18,19,20,20,19,
22,20,18,19,22,19,22,23,22,21,25,24,22,23,22,22,24,21,25,21,
23,23,24,23,22,25,22,22,25,26,26,21,26,25,26,24,22,24,27,26,
25,31,30,31,24,28,26,26,28,25,29,26,28,26,31,30,28,28,26,25,
26,30,27,28,27,33,27,29,27,28,30,28,28,28,28,33,28,31,34,27,
27,28,26,28,30,31,31,30,34,30,31,30,31,32,32,33,32,35,32,34,
32,31,34,32,33,34,34,35,31,31,36,32,37,32,33,44,34,37,34,32,
36,36,36,33,35,41,34,34,35,38,35,38,39,32,35,36,37,33,31,34,
35,36,36,41,37,41,45,35,53,45,41,45,44,48,38,39,40,38,37,46,
39,40,41,47,44,36,43,42,38,43,46,44,39,45,41,43,41,37,47,45,
42,36,35,38,41,41,41,39,39,40,42,42,39,44,42,41,42,41,47,43,
57,40,47,47,46,43,51,45,46,48,44,67,71,67,70,66,70,58,56,44,
47,44,48,45,44,47,48,46,45,58,56,47,49,54,56,54,59,54,54,
end of test
