Insert Data in microseconds: 
58,0,0,1,2,1,2,2,2,3,3,4,4,4,5,5,6,6,6,7,8,7,7,8,8,8,9,10,9,12,13,11,12,11,12,11,10,12,11,12,13,13,12,12,12,13,14,13,14,15,14,
14,14,15,15,15,19,20,16,16,20,16,19,17,17,17,22,18,21,18,19,20,25,20,20,20,21,23,21,25,22,22,22,22,26,23,23,26,30,24,24,29,25,25,26,30,26,27,26,31,28,
28,27,31,31,29,29,31,33,30,32,31,31,31,33,35,32,35,36,32,35,34,34,33,35,36,34,35,35,35,38,41,36,37,39,36,40,40,42,40,38,42,43,39,43,43,41,41,41,43,45,
41,44,44,45,47,43,49,44,44,48,45,46,47,48,49,45,50,47,51,47,50,49,50,54,59,49,49,52,50,50,50,54,51,53,53,54,51,54,52,52,52,53,54,53,57,62,54,54,54,55,
56,55,55,56,56,59,58,57,58,58,58,58,58,58,59,60,62,60,60,61,61,61,61,70,62,62,64,62,63,63,64,64,64,65,64,65,65,65,66,65,66,67,67,67,67,69,68,68,73,68,
69,69,69,69,70,70,72,74,72,71,72,83,73,73,73,74,73,73,74,74,75,74,75,75,76,76,76,76,77,77,77,77,94,94,78,78,79,79,80,80,81,82,81,81,81,82,82,82,83,82,
86,83,84,84,96,102,90,86,85,85,86,88,92,86,87,89,88,87,88,88,88,89,89,90,89,90,90,91,90,91,93,91,92,92,92,92,95,97,95,94,94,95,94,95,95,96,95,96,97,96,
97,107,97,97,98,98,98,98,99,100,99,100,100,100,102,102,101,101,103,102,102,105,120,106,104,130,104,104,104,105,105,116,105,107,107,106,106,107,107,108,109,108,108,108,109,109,111,110,110,
Search Data in microseconds:
0,0,0,0,0,0,1,1,1,1,1,1,2,2,2,2,2,5,3,6,4,4,4,4,4,4,4,4,4,5,4,5,5,5,5,4,5,5,5,6,6,6,5,6,5,7,7,6,7,5,6,
7,7,8,7,7,9,7,7,7,8,8,10,7,8,8,9,9,10,9,8,12,10,9,9,10,9,9,9,10,10,10,11,11,11,12,11,11,16,10,13,12,16,12,12,13,15,14,12,14,15,
13,12,14,15,13,16,13,13,14,16,17,14,16,13,15,17,16,16,13,17,18,16,15,20,18,18,17,16,17,18,18,18,17,16,18,21,18,22,21,20,17,19,17,19,19,21,24,18,19,21,
22,22,19,19,19,20,21,20,20,22,22,24,18,20,23,26,23,23,26,21,24,25,25,29,23,23,27,25,23,25,24,27,25,27,24,25,23,24,26,28,24,23,26,26,33,26,24,27,28,26,
27,27,26,26,27,30,26,27,31,27,29,30,31,29,31,33,29,30,28,27,28,31,29,33,28,33,29,30,30,30,32,30,31,30,31,35,31,33,31,29,34,30,28,32,32,31,31,33,36,32,
35,34,34,34,33,35,34,37,35,36,36,36,37,35,34,37,42,36,35,35,38,35,39,33,38,40,36,38,37,36,39,39,50,40,42,44,38,39,38,43,36,42,43,36,38,38,40,37,34,39,
37,39,39,40,49,51,44,41,43,40,42,44,42,42,41,39,39,41,39,41,43,46,42,47,41,38,45,43,40,46,45,40,43,51,45,43,54,43,48,51,45,44,41,43,47,43,47,45,47,46,
46,50,48,47,49,46,48,46,49,50,48,50,53,51,53,46,49,48,52,53,43,52,60,51,58,61,56,51,57,48,53,54,57,52,50,52,51,52,49,58,56,48,55,53,56,55,60,55,56,
end of test
