Insert Data in microseconds: 
18,0,3,0,1,6,4,6,1,8,6,13,8,10,6,10,10,5,7,11,13,12,15,18,17,26,14,19,16,21,14,21,18,17,13,16,23,16,13,24,16,26,18,17,22,19,20,12,17,20,20,
20,28,16,18,20,18,29,26,17,17,18,29,19,29,20,21,22,20,19,15,19,21,24,21,22,14,20,15,23,25,26,23,21,24,20,19,21,20,15,20,26,23,27,21,21,13,29,19,15,23,
27,25,14,24,24,27,15,17,11,19,25,29,29,24,19,19,20,15,28,18,13,21,28,21,19,24,25,23,22,22,25,24,21,20,24,19,27,19,26,23,16,18,16,17,18,17,12,17,25,15,
27,24,11,23,29,21,25,18,20,20,28,22,22,18,25,29,26,36,24,25,19,26,20,35,28,32,32,31,28,36,24,31,34,33,34,30,30,30,34,32,42,38,44,39,29,42,41,50,38,43,
42,41,43,30,46,48,48,41,46,42,50,53,45,45,53,41,54,56,50,53,54,50,39,40,51,45,43,51,56,52,55,49,46,49,65,52,58,44,55,64,48,61,53,52,44,56,54,48,47,53,
52,52,49,56,42,54,50,56,46,50,45,44,55,55,50,50,55,53,54,46,54,53,61,54,56,49,49,46,51,47,49,61,56,51,51,54,44,61,41,39,47,51,45,55,50,48,60,51,52,49,
58,56,59,47,47,55,53,45,53,46,55,51,54,59,50,57,56,58,49,51,53,52,63,50,47,54,45,52,59,51,53,49,56,46,49,51,51,66,50,51,54,55,46,51,51,51,61,57,52,36,
55,51,56,55,51,48,55,55,51,47,56,52,52,56,56,55,51,50,56,51,60,55,57,61,48,47,56,58,59,55,63,56,55,63,62,64,63,67,52,61,61,60,55,68,54,62,57,65,61,
Search Data in microseconds:
0,0,0,0,0,0,0,0,0,0,0,0,0,0,0,0,0,0,0,0,0,0,0,0,0,0,0,0,0,0,0,0,0,0,0,0,0,0,0,0,0,0,0,0,0,0,0,0,0,0,0,
0,0,0,0,0,0,0,0,0,0,0,0,0,0,0,0,0,0,0,0,0,0,0,0,0,0,0,0,0,0,0,0,0,0,0,0,0,0,0,0,0,0,0,0,0,0,0,0,0,0,
0,0,0,0,0,0,0,0,0,0,0,0,0,0,0,0,0,0,0,0,0,0,0,0,0,0,0,0,0,0,0,0,0,0,0,0,0,0,0,0,0,0,0,0,0,0,0,0,0,0,
0,0,0,0,0,0,0,0,0,0,0,0,0,0,0,0,0,0,0,0,0,0,0,0,0,1,0,0,0,0,2,0,3,1,0,1,1,1,2,0,1,0,2,2,2,1,3,0,3,2,
1,3,2,4,2,3,2,2,3,7,5,6,2,2,4,1,3,3,2,5,6,2,4,8,3,3,3,3,7,8,4,11,4,6,7,6,8,5,4,6,8,9,5,12,10,9,11,4,7,8,
5,4,14,8,9,8,13,5,6,10,10,13,12,14,9,11,6,14,9,12,10,13,9,13,8,14,10,8,10,15,10,18,9,16,12,9,10,12,6,7,19,7,11,13,12,19,15,12,18,13,
15,18,9,12,14,11,14,17,11,16,14,14,17,13,16,17,14,11,16,16,15,12,22,13,17,20,7,14,18,17,16,13,14,16,11,14,14,14,23,16,18,20,22,19,26,17,18,18,17,14,
20,13,12,17,7,20,15,18,22,15,15,14,16,15,16,19,16,19,16,19,25,16,25,14,18,19,15,20,11,24,15,15,14,16,20,13,19,23,21,13,19,20,20,17,17,17,14,17,18,
end of test
