Insert Data in microseconds: 
22,0,0,0,0,2,1,0,2,1,1,4,0,3,3,10,4,1,2,5,7,7,4,11,1,2,6,6,4,10,11,10,9,16,5,10,12,8,16,7,5,14,12,8,6,6,11,10,8,7,13,
12,9,10,9,9,17,17,12,14,16,14,13,12,7,17,20,14,19,13,10,18,16,19,14,15,22,25,19,13,16,10,14,18,19,19,16,25,16,17,20,25,17,17,12,19,15,16,20,23,26,
27,24,22,27,27,15,30,30,22,26,27,21,30,23,19,27,24,27,28,22,27,26,34,18,27,18,27,30,26,24,24,35,30,25,24,29,24,36,31,25,21,36,32,32,33,30,32,27,31,32,
33,28,31,39,35,23,35,31,33,35,28,29,25,31,34,36,32,38,35,42,31,26,31,37,34,35,34,34,36,33,41,32,43,39,33,31,40,35,36,35,38,31,38,39,37,42,41,42,41,41,
41,36,40,53,40,41,43,37,46,42,39,38,39,39,46,38,44,43,44,43,47,43,38,41,40,42,35,48,36,43,49,49,41,48,44,39,50,40,46,50,49,46,48,43,53,48,49,54,46,50,
55,44,54,44,39,55,42,52,57,41,43,47,50,47,50,48,42,48,51,45,60,51,48,62,41,47,48,51,53,55,45,49,54,49,55,52,52,60,47,46,54,55,49,46,43,56,53,60,58,47,
59,56,55,51,69,50,47,53,56,55,55,47,55,55,57,51,57,51,52,59,49,53,60,60,55,51,61,50,55,54,53,55,62,59,58,58,60,65,55,64,55,63,54,59,54,59,60,59,55,66,
62,55,56,56,54,61,55,67,60,56,55,62,61,52,54,64,60,60,62,62,51,54,53,56,61,58,64,64,59,62,52,58,54,64,61,68,59,59,63,63,50,53,60,70,60,61,57,69,68,
Search Data in microseconds:
0,0,0,0,0,0,0,1,0,0,1,1,1,1,1,0,2,0,2,1,1,0,0,0,1,2,0,3,3,0,1,0,3,2,0,3,2,2,4,3,0,2,3,2,4,1,5,3,2,2,4,
2,4,5,3,2,2,5,1,3,5,5,4,3,2,1,3,6,1,5,6,2,3,4,3,4,4,2,6,4,7,4,5,2,2,7,5,9,6,7,6,3,0,8,1,1,1,7,5,4,4,
8,2,2,5,3,6,7,4,2,4,3,8,3,3,6,2,12,6,7,6,13,4,7,4,7,6,9,7,6,7,7,9,7,5,9,8,3,9,8,12,13,7,6,9,8,10,10,8,10,4,
9,8,4,12,5,7,6,5,11,8,10,3,11,8,7,9,6,10,12,6,11,9,10,9,9,9,8,11,4,10,14,5,7,13,10,8,10,8,8,9,10,12,7,12,8,7,7,8,7,9,
8,6,5,12,9,9,13,19,11,12,10,11,11,11,11,6,14,7,19,13,17,12,12,6,16,7,9,10,10,11,9,16,9,13,14,17,16,12,14,13,11,15,15,11,10,16,19,15,12,15,
14,10,8,10,12,6,9,14,14,13,11,9,9,12,13,11,6,18,14,19,18,16,6,14,7,14,12,14,14,12,16,18,15,18,14,11,17,16,13,15,16,17,9,12,15,15,19,12,16,14,
10,19,19,19,17,14,15,16,14,13,11,19,19,17,6,17,17,20,13,18,10,9,17,17,13,19,13,16,18,15,10,13,14,12,12,14,15,17,15,15,20,17,14,17,19,19,18,21,18,15,
20,14,15,16,17,26,18,17,12,21,17,9,18,18,12,20,22,19,16,23,18,14,19,22,13,23,15,25,15,23,16,21,17,21,24,23,18,17,23,14,13,9,20,31,15,15,18,18,21,
end of test
