Insert Data in microseconds: 
37,0,3,0,1,6,5,6,2,8,6,14,9,11,7,12,10,6,8,11,15,13,17,19,18,28,16,22,20,22,16,23,19,19,16,19,24,19,19,26,19,27,21,19,25,29,25,13,18,21,22,
26,29,20,20,22,23,33,27,20,22,22,34,22,33,21,24,24,23,27,19,24,23,30,24,26,19,27,16,26,29,27,31,24,28,25,21,26,23,20,22,31,28,30,22,26,16,32,24,17,30,
30,29,20,28,27,27,18,19,16,24,29,33,36,25,19,22,23,22,31,19,18,25,30,23,22,26,29,29,27,25,29,27,26,23,31,22,28,23,28,25,21,20,18,22,23,18,14,19,27,21,
28,29,15,24,31,25,27,24,27,20,32,28,23,22,27,32,28,39,28,26,23,29,24,36,34,38,39,37,35,39,31,35,39,40,40,38,41,38,35,43,50,42,53,47,41,49,51,58,51,53,
50,45,58,49,56,60,63,55,61,58,62,67,58,60,67,58,72,67,68,67,70,74,62,64,72,65,66,75,77,74,80,75,71,71,78,66,80,71,76,79,70,84,78,76,73,76,74,68,73,85,
73,76,69,74,66,74,74,82,71,78,73,72,74,77,74,71,76,72,72,73,74,78,79,77,80,74,75,71,76,78,73,80,78,71,73,76,72,77,61,69,78,70,74,76,72,72,78,70,75,72,
77,78,85,76,69,80,76,63,78,67,75,72,72,76,70,77,78,77,75,75,73,75,76,69,76,80,72,77,77,77,79,68,78,76,79,80,77,81,83,75,75,74,76,71,75,74,81,82,72,65,
80,77,76,79,75,74,79,77,77,74,70,75,83,83,83,79,78,78,84,84,78,84,82,89,81,76,88,88,83,85,84,84,87,90,93,89,89,96,87,93,94,92,93,94,98,94,99,99,100,
Search Data in microseconds:
0,0,0,0,0,0,0,0,0,1,0,0,0,0,2,1,0,0,0,1,0,1,2,1,1,1,0,1,1,1,2,2,2,2,0,1,1,2,0,2,2,0,5,5,2,1,3,1,5,1,2,
2,3,2,1,1,1,3,0,4,1,2,0,1,2,0,3,2,3,2,1,2,2,1,5,1,3,3,6,2,0,1,3,2,2,1,2,2,4,3,2,6,7,1,5,1,2,3,5,5,1,
4,1,3,4,4,3,6,3,5,4,4,3,2,4,3,4,3,6,4,1,2,2,3,6,2,3,5,4,2,6,3,5,3,3,2,1,2,3,2,3,7,2,10,2,4,5,4,3,3,2,
1,1,6,1,2,4,4,3,1,5,4,3,3,1,2,5,5,4,1,1,2,7,4,5,2,2,4,3,4,2,7,5,6,4,3,6,4,1,8,7,4,5,5,3,5,4,4,7,3,7,
9,7,5,10,8,9,4,7,11,4,8,12,16,12,7,15,10,5,8,7,9,10,8,15,7,7,7,14,17,11,16,10,13,14,18,19,10,10,10,9,9,18,14,16,11,17,19,15,23,18,
19,14,21,12,19,15,17,24,11,20,17,19,17,18,18,22,25,27,17,25,19,21,26,12,17,24,23,16,25,20,21,20,27,16,23,29,21,26,26,30,20,26,28,19,17,17,25,26,16,24,
26,18,26,26,20,28,28,29,25,20,25,24,33,28,26,27,27,22,21,25,32,24,20,31,22,16,28,21,22,29,24,29,29,28,22,29,29,24,25,32,25,29,22,23,25,32,32,26,22,25,
37,37,39,34,30,33,33,26,32,34,31,26,34,35,36,32,32,20,37,33,24,32,30,34,42,30,39,25,27,29,37,34,34,41,32,36,34,37,37,35,42,33,44,38,40,35,39,33,39,
end of test
