Insert Data in microseconds: 
33,0,0,0,0,2,1,0,2,1,1,4,0,3,3,10,4,1,2,5,7,7,4,11,1,2,6,6,4,10,11,10,10,16,6,10,12,10,16,8,7,15,13,8,7,7,11,10,9,7,14,
13,9,11,9,10,17,17,13,15,16,14,14,13,7,19,20,14,21,14,11,21,16,19,17,18,25,25,20,15,18,12,15,19,20,22,19,27,17,19,21,29,20,18,15,22,19,18,24,25,29,
29,26,24,27,31,19,36,32,28,30,29,27,33,25,24,30,26,31,32,25,29,29,38,25,32,25,27,35,33,29,31,39,33,31,30,33,31,39,38,31,25,44,37,45,36,37,44,32,38,39,
40,34,38,45,42,36,46,36,40,41,36,39,29,38,43,41,40,43,40,48,38,30,32,44,44,41,41,43,42,44,52,40,50,49,39,43,45,41,44,41,50,42,54,50,40,51,57,51,59,50,
50,44,53,61,48,54,53,53,56,56,48,51,55,56,54,54,63,55,57,58,61,54,56,52,56,55,50,61,49,60,60,64,53,60,62,56,64,51,64,62,61,58,63,64,65,66,72,69,60,64,
69,60,68,58,57,63,58,62,72,50,62,62,65,67,70,64,68,65,73,69,73,68,73,74,65,63,64,65,71,76,67,72,73,64,74,74,71,77,72,68,71,75,73,74,74,82,78,79,70,74,
81,72,66,78,84,74,79,77,71,77,79,73,77,74,79,82,76,77,75,82,76,82,90,80,83,79,86,78,86,79,82,80,81,88,85,82,86,89,83,92,90,85,80,88,85,90,90,88,89,90,
86,91,89,87,91,94,91,90,90,89,96,91,91,86,89,94,94,90,95,89,88,91,92,93,94,96,95,97,97,97,91,95,98,96,96,96,95,97,98,98,98,97,98,100,99,99,99,100,100,
Search Data in microseconds:
0,0,0,0,0,0,0,0,0,0,0,1,1,0,0,4,0,1,1,1,3,0,1,2,1,1,4,1,1,0,2,4,1,3,2,1,4,3,1,1,3,2,1,3,5,1,2,7,3,3,3,
2,1,4,5,7,3,5,2,6,6,6,2,4,1,7,6,9,3,5,4,3,6,7,6,3,5,3,5,3,4,8,10,4,7,6,4,4,2,6,7,3,4,8,4,8,7,8,10,7,8,
6,8,5,8,9,5,6,4,6,4,5,10,11,8,9,16,10,5,10,9,11,4,8,9,10,9,7,12,13,11,6,3,6,8,10,6,8,7,11,12,11,14,7,9,3,12,16,6,5,9,
5,10,17,10,9,10,13,7,9,12,9,13,7,14,14,14,13,13,11,14,11,12,16,13,10,10,11,13,16,13,12,14,8,17,16,17,10,15,15,12,13,14,21,16,16,14,13,9,14,14,
17,13,14,14,11,16,18,15,17,16,17,14,21,17,21,21,16,14,13,13,21,18,20,17,12,19,16,15,17,19,21,23,15,15,14,19,19,16,15,13,11,16,19,21,17,21,17,16,21,17,
22,18,19,26,16,17,19,23,20,23,30,18,14,22,16,22,19,23,14,22,23,22,29,25,19,24,25,26,14,26,24,29,29,19,24,31,20,23,31,26,25,27,25,22,15,26,16,23,18,19,
27,17,26,22,28,18,32,24,23,25,21,30,27,24,24,25,31,25,31,25,24,29,25,23,25,23,26,28,23,24,24,24,24,34,24,18,26,26,29,33,32,28,20,29,32,23,26,26,23,27,
33,30,23,33,27,31,35,23,16,37,32,28,34,32,30,30,25,29,30,25,22,29,26,33,33,27,40,30,32,39,31,28,32,34,32,42,41,33,28,34,40,27,30,37,44,41,42,35,35,
end of test
