Insert Data in microseconds: 
37,0,3,0,1,6,5,6,2,8,6,14,9,11,7,11,11,6,8,11,14,13,16,19,18,27,17,22,21,22,15,23,20,17,16,18,25,17,18,27,20,28,21,19,26,27,25,14,19,21,23,
24,31,22,21,22,22,32,26,23,22,22,36,24,33,22,25,23,23,26,18,24,26,30,24,26,19,26,16,26,28,28,31,24,29,23,23,26,22,21,23,30,26,32,24,26,15,31,23,17,30,
31,29,20,27,27,29,20,19,15,23,29,34,35,25,22,22,23,22,33,20,19,24,32,25,21,26,29,28,25,24,30,26,26,24,32,21,31,24,27,27,21,22,19,29,24,22,16,19,27,19,
28,28,16,26,32,26,26,22,25,21,33,26,23,23,29,31,30,39,28,26,23,28,24,37,34,37,38,36,33,43,36,37,38,37,38,40,38,36,38,44,47,41,53,46,41,50,49,59,51,52,
53,48,55,50,55,64,61,59,57,58,61,67,58,56,63,59,71,67,74,68,72,72,65,64,76,63,67,76,74,70,76,69,70,67,76,71,80,66,75,82,73,85,75,74,74,72,81,74,79,78,
72,78,72,77,66,80,71,88,69,76,73,72,75,78,81,73,75,72,70,82,73,75,83,76,80,79,75,72,71,75,76,78,79,70,75,72,77,79,70,68,75,70,75,80,76,74,78,70,77,74,
71,71,82,75,72,83,79,72,73,67,80,74,75,80,76,74,76,78,77,74,73,74,82,72,77,81,73,77,78,77,83,72,82,70,80,77,74,83,79,80,82,76,81,73,78,74,78,80,77,63,
82,79,75,74,75,73,83,81,79,69,72,74,88,83,82,80,74,75,82,83,81,82,83,86,81,77,89,85,82,86,89,87,87,92,92,90,92,96,88,94,93,95,94,98,96,99,98,95,95,
Search Data in microseconds:
0,0,0,0,0,0,0,0,0,1,0,0,0,0,2,1,0,0,0,1,0,1,2,1,0,1,0,1,1,1,2,3,2,2,0,0,1,1,0,0,2,0,4,5,2,0,3,0,5,1,1,
3,2,1,1,2,1,3,0,3,1,3,1,1,1,1,3,2,2,2,1,2,4,3,1,0,2,2,7,3,0,2,2,3,1,2,1,4,4,5,3,5,7,2,3,3,3,4,5,6,1,
6,1,2,7,4,3,5,4,6,4,3,3,3,2,5,5,5,3,4,2,3,2,4,5,4,2,5,5,2,6,6,4,3,3,1,1,3,3,2,4,6,2,7,4,3,6,5,4,1,4,
4,2,5,4,1,4,3,3,1,4,6,2,2,2,3,5,6,3,2,5,2,8,5,6,5,0,4,4,5,2,6,7,6,6,4,4,5,1,8,4,4,3,4,3,7,7,3,7,4,7,
9,7,6,10,8,10,3,7,11,6,8,13,14,13,8,15,6,6,10,9,7,10,8,14,8,9,9,13,13,11,18,11,14,20,17,15,9,9,11,10,10,19,13,16,10,13,14,11,23,17,
21,16,20,11,16,16,22,29,14,19,17,21,19,18,20,25,25,24,18,22,22,18,26,15,20,22,24,17,22,20,21,25,29,15,24,27,22,21,24,31,19,26,29,18,17,19,24,22,16,24,
24,19,22,29,26,27,32,27,27,22,27,25,34,27,26,27,24,25,22,26,28,28,20,34,27,19,34,20,21,32,25,27,25,33,24,29,27,20,27,34,24,28,23,27,27,32,33,25,28,25,
36,42,39,38,29,33,34,28,33,31,33,33,37,31,36,31,32,24,34,36,21,33,27,32,41,29,40,24,26,32,36,36,39,40,35,37,35,36,35,33,42,34,45,39,38,37,37,30,38,
end of test
