Insert Data in microseconds: 
30,0,0,0,0,2,1,0,2,1,1,4,0,3,3,10,4,1,2,5,7,7,4,11,1,2,6,6,4,10,11,10,10,16,6,10,12,10,16,8,7,15,13,8,6,7,11,10,9,7,14,
13,9,11,9,10,17,17,13,15,16,14,14,13,7,19,20,14,21,14,11,20,16,19,17,19,25,25,20,15,18,11,15,18,20,22,18,27,17,19,22,29,20,18,16,23,19,18,24,25,30,
31,26,24,27,32,17,35,32,28,30,28,27,33,26,24,29,27,31,35,25,30,29,39,22,31,25,27,35,30,30,29,40,35,33,28,35,31,41,38,31,27,44,35,46,38,40,40,33,37,35,
36,35,36,44,42,34,47,37,42,39,35,39,30,34,42,42,38,46,41,48,42,28,33,47,46,44,41,44,43,43,52,39,49,49,44,41,43,45,45,42,48,42,51,51,42,49,56,47,60,50,
53,46,50,58,47,53,57,51,52,55,51,55,50,58,57,50,61,55,57,60,58,57,54,52,52,57,47,64,51,61,63,65,52,64,55,54,64,59,62,61,64,64,61,63,66,65,69,68,62,63,
70,60,70,60,54,64,62,64,75,50,63,65,63,64,66,64,72,68,68,66,72,71,68,76,67,63,63,67,73,72,64,70,73,68,76,73,71,76,68,69,69,79,71,72,68,80,79,77,70,72,
78,77,74,74,85,81,75,77,74,77,78,74,74,80,78,80,79,76,81,82,76,78,89,82,81,78,86,83,85,82,82,80,81,85,90,85,86,84,86,90,87,85,83,88,91,91,84,87,81,85,
83,89,87,86,89,90,89,90,84,87,92,91,90,89,88,91,91,93,92,91,94,93,91,93,94,97,93,96,92,97,91,96,97,98,97,98,95,94,95,96,94,98,97,100,97,98,98,99,100,
Search Data in microseconds:
0,0,0,0,0,0,0,0,0,0,0,1,1,0,0,4,0,1,1,1,3,0,1,2,1,1,4,1,1,0,2,4,1,3,2,1,4,3,1,1,3,2,1,3,5,1,2,7,3,3,3,
2,1,4,5,7,3,5,2,6,6,6,2,4,1,7,6,9,3,5,4,3,6,7,6,3,5,3,5,3,4,8,10,3,7,6,4,4,2,6,7,4,4,8,4,8,7,7,11,7,8,
6,8,5,8,9,5,6,4,6,4,5,10,11,8,9,16,9,5,10,10,12,4,7,9,11,9,7,11,12,11,6,3,6,7,10,7,9,8,11,13,12,13,7,9,3,12,16,6,5,9,
5,10,17,10,10,10,13,6,9,10,10,13,7,14,13,12,16,11,10,15,12,12,16,13,10,10,13,13,16,13,11,14,8,17,16,15,12,16,16,11,12,17,20,18,16,14,13,9,11,13,
18,15,15,14,10,17,17,13,16,15,21,16,22,16,20,21,17,13,12,13,22,18,21,17,12,17,16,14,21,22,20,22,14,16,12,20,20,16,15,11,10,15,19,22,16,20,16,16,19,14,
20,18,17,25,16,17,23,20,19,24,28,19,14,20,18,24,22,24,20,20,24,25,29,23,17,24,25,24,15,25,21,26,29,17,21,30,19,21,32,23,20,27,24,23,19,25,13,24,15,20,
28,18,24,26,23,23,31,23,24,25,25,34,23,28,24,25,33,27,30,27,25,28,25,29,23,24,26,28,23,23,24,25,24,34,24,21,26,28,30,33,30,25,22,26,35,21,25,27,24,24,
34,31,23,35,26,28,37,26,22,35,33,29,30,33,29,27,29,31,29,22,24,31,29,34,31,30,34,34,33,34,35,32,32,32,33,42,43,31,27,36,41,29,31,41,41,40,38,34,35,
end of test
